FCE 9780131103627 37829903 20250412 
FADU 9780262033848 11922988 20250215
FADU 3434234443233 30482973 20250216
FFyL 9781234567890 30567890 20250715
FCE 9789876543210 31928374 20250601
MED 9780262038000 32811927 20250820
FIUBA 9781111111111 33738291 20250910
FADU 9782222222222 34729102 20250702
FCEN 9783333333333 35621094 20250801
UBACBC 9784444444444 36482910 20250725
FAD 9785555555555 37492019 20250818
FFyL 9786666666666 38471920 20250730
FCE 9787777777777 39401928 20250905
MED 9788888888888 40382910 20250828
FIUBA 9789999999999 41398274 20250710
FADU 9780000000000 42381273 20250919
FCEN 9780101010101 43391283 20250901
UBACBC 9780202020202 44312389 20250727
FAD 9780303030303 45201938 20250812
FCE 9780404040404 46210938 20250903
FFyL 9780505050505 47192010 20250709
MED 9780606060606 48172391 20250805
FADU 9781111111111 49203912 20250917
FCEN 9780262038000 50128391 20250810
FCEN 9785656565656 40382910 20250826
FCEN 9780101010101 42381273 20250826
FCEN 9784545454545 58192038 20250827
FCEN 9780808080808 46210938 20250828
FCEN 9090909090909 34729102 20250829
FCEN 3330350444000 33738291 20250829
FCEN 9787777777777 59128374 20250829
UBACBC 9780909090909 51192039 20250712
FAD 9781212121212 52173829 20250914
FIUBA 9782323232323 53128372 20250722
FCE 9783434343434 54128391 20250814
FFyL 9784545454545 55192038 20250729
FADU 9785656565656 56173829 20250830
UBACBC 9786767676767 57128390 20250717
FIUBA 9787878787878 58192038 20250825
FIUBA 9090909090909 57128390 20250825
FIUBA 1230966697988 32811927 20250826
FIUBA 9395738830204 34729102 20250826
FIUBA 2884547557433 42381273 20250827
FIUBA 3330350444000 59128374 20250828
MED 9788989898989 59128374 20250911
MED 9785656565656 59128374 20250912
MED 9788888888888 59128374 20250913
MED 9781234567890 59128374 20250914